function UsedSets=GetUsedSets()

%UsedSets=[1:6 9:19 21:25 28:51 54 55 59:64 65 69 74:76 77 83 84 85 88 89 92 93:105 106 110 114 118 122 126:128];
%UsedSets=[1:6 9:19 21:25 28:51  55 59:64 65 69 74:76 77 83 84 85 89 92 93:105 106 110 114 118 122 126:128];
UsedSets=[1, 4, 9, 10, 11, 12, 13, 15, 23, 24, 29, 32, 33, 34, 48, 49, 62, 75, 77, 110, 114, 118];


%UsedSets=[29, 34, 77, 110, 114, 118];


