function UsedSets=GetUsedSets()

UsedSets=[10 25 28 30 39 75 94 99 103 106];




